100
1240
-268
20
0
0
1
1
1
3
0
0
0
0
0
0
0
0
1
7
12
0
59
14
16
0
59
0
0
0
0
10386
6
1360
-140
1320
-70
1470
-200
1580
-200
1580
-280
1580
-330
1240
-330
1240
-310


100
1225
540
20
0
0
1
1
1
2
0
0
0
0
0
0
0
0
1
10
12
0
10
20
23
0
59
7
9
0
59
217
4
1320
1020
1320
770
1250
990
1180
770
1320
1020
1320
1020
1250
540
1240
540


100
1360
460
20
0
0
1
0
0
3
0
0
0
0
0
0
0
-2
0
0
0
0
0
0
0
0
0
0
0
0
0
0
0
0
0
0
0
0
0
0
0
0
0
0
0
0
0
0
0


100
540
335
20
0
0
0
0
0
3
0
0
0
0
1
0
0
-2
0
0
0
0
0
0
0
0
0
0
0
0
0
0
0
0
0
0
0
0
0
0
0
0
0
0
0
0
0
0
0


